-------------------------------------PARAMETERS: -------------------------------------
Structure:	GaₘIn₁₋ₘPₙAs₁₋ₙ
y = 0.5
T = 300
-------------------------------------ENERGY DATA: -------------------------------------		

x		Ec [eV]		Ev_hh [eV]	Ev_lh [eV]	Ev_sh [eV]
0.0000		-0.0759		-0.7746		-0.4343		-1.3617
0.0100		-0.0656		-0.7815		-0.4449		-1.3672
0.0200		-0.0555		-0.7880		-0.4552		-1.3719
0.0300		-0.0455		-0.7941		-0.4650		-1.3759
0.0400		-0.0357		-0.8000		-0.4746		-1.3793
0.0500		-0.0261		-0.8056		-0.4838		-1.3822
0.0600		-0.0165		-0.8109		-0.4928		-1.3845
0.0700		-0.0070		-0.8160		-0.5016		-1.3865
0.0800		0.0024		-0.8210		-0.5102		-1.3881
0.0900		0.0117		-0.8258		-0.5185		-1.3894
0.1000		0.0210		-0.8304		-0.5268		-1.3904
0.1100		0.0302		-0.8349		-0.5348		-1.3911
0.1200		0.0394		-0.8392		-0.5427		-1.3916
0.1300		0.0486		-0.8435		-0.5505		-1.3919
0.1400		0.0577		-0.8476		-0.5582		-1.3920
0.1500		0.0668		-0.8517		-0.5658		-1.3919
0.1600		0.0758		-0.8556		-0.5733		-1.3917
0.1700		0.0849		-0.8595		-0.5807		-1.3913
0.1800		0.0939		-0.8633		-0.5880		-1.3908
0.1900		0.1029		-0.8670		-0.5952		-1.3902
0.2000		0.1119		-0.8707		-0.6024		-1.3894
0.2100		0.1210		-0.8743		-0.6095		-1.3886
0.2200		0.1300		-0.8779		-0.6165		-1.3877
0.2300		0.1390		-0.8814		-0.6235		-1.3867
0.2400		0.1480		-0.8848		-0.6305		-1.3856
0.2500		0.1570		-0.8882		-0.6373		-1.3845
0.2600		0.1660		-0.8916		-0.6442		-1.3833
0.2700		0.1750		-0.8950		-0.6510		-1.3821
0.2800		0.1840		-0.8983		-0.6577		-1.3808
0.2900		0.1930		-0.9015		-0.6644		-1.3795
0.3000		0.2021		-0.9048		-0.6711		-1.3781
0.3100		0.2111		-0.9080		-0.6777		-1.3767
0.3200		0.2202		-0.9112		-0.6843		-1.3753
0.3300		0.2292		-0.9143		-0.6909		-1.3738
0.3400		0.2383		-0.9174		-0.6975		-1.3723
0.3500		0.2474		-0.9206		-0.7040		-1.3708
0.3600		0.2564		-0.9236		-0.7105		-1.3693
0.3700		0.2655		-0.9267		-0.7169		-1.3678
0.3800		0.2746		-0.9298		-0.7234		-1.3662
0.3900		0.2838		-0.9328		-0.7298		-1.3647
0.4000		0.2929		-0.9358		-0.7362		-1.3631
0.4100		0.3020		-0.9388		-0.7426		-1.3615
0.4200		0.3112		-0.9418		-0.7490		-1.3600
0.4300		0.3203		-0.9447		-0.7553		-1.3584
0.4400		0.3295		-0.9477		-0.7616		-1.3568
0.4500		0.3387		-0.9506		-0.7679		-1.3552
0.4600		0.3479		-0.9536		-0.7742		-1.3536
0.4700		0.3571		-0.9565		-0.7805		-1.3521
0.4800		0.3663		-0.9594		-0.7868		-1.3505
0.4900		0.3755		-0.9623		-0.7930		-1.3489
0.5000		0.3847		-0.9652		-0.7992		-1.3474
0.5100		0.3940		-0.9681		-0.8055		-1.3458
0.5200		0.4032		-0.9710		-0.8117		-1.3442
0.5300		0.4124		-0.9738		-0.8179		-1.3427
0.5400		0.4217		-0.9767		-0.8240		-1.3412
0.5500		0.4309		-0.9795		-0.8302		-1.3397
0.5600		0.4402		-0.9824		-0.8364		-1.3382
0.5700		0.4495		-0.9852		-0.8425		-1.3367
0.5800		0.4587		-0.9881		-0.8487		-1.3352
0.5900		0.4680		-0.9909		-0.8548		-1.3338
0.6000		0.4772		-0.9937		-0.8609		-1.3323
0.6100		0.4865		-0.9966		-0.8670		-1.3309
0.6200		0.4957		-0.9994		-0.8731		-1.3295
0.6300		0.5049		-1.0022		-0.8792		-1.3281
0.6400		0.5142		-1.0050		-0.8853		-1.3267
0.6500		0.5234		-1.0078		-0.8914		-1.3253
0.6600		0.5326		-1.0106		-0.8975		-1.3240
0.6700		0.5418		-1.0135		-0.9035		-1.3227
0.6800		0.5509		-1.0163		-0.9096		-1.3214
0.6900		0.5601		-1.0191		-0.9156		-1.3201
0.7000		0.5692		-1.0219		-0.9217		-1.3189
0.7100		0.5783		-1.0247		-0.9277		-1.3176
0.7200		0.5873		-1.0275		-0.9338		-1.3164
0.7300		0.5964		-1.0303		-0.9398		-1.3153
0.7400		0.6053		-1.0332		-0.9458		-1.3141
0.7500		0.6143		-1.0360		-0.9518		-1.3130
0.7600		0.6232		-1.0388		-0.9578		-1.3118
0.7700		0.6320		-1.0416		-0.9638		-1.3108
0.7800		0.6408		-1.0445		-0.9698		-1.3097
0.7900		0.6495		-1.0473		-0.9758		-1.3087
0.8000		0.6581		-1.0502		-0.9818		-1.3077
0.8100		0.6666		-1.0530		-0.9878		-1.3067
0.8200		0.6750		-1.0559		-0.9938		-1.3058
0.8300		0.6834		-1.0587		-0.9998		-1.3048
0.8400		0.6916		-1.0616		-1.0058		-1.3040
0.8500		0.6997		-1.0645		-1.0118		-1.3031
0.8600		0.7076		-1.0674		-1.0177		-1.3023
0.8700		0.7154		-1.0703		-1.0237		-1.3015
0.8800		0.7230		-1.0733		-1.0297		-1.3007
0.8900		0.7304		-1.0762		-1.0357		-1.3000
0.9000		0.7376		-1.0792		-1.0416		-1.2993
0.9100		0.7446		-1.0822		-1.0476		-1.2987
0.9200		0.7513		-1.0852		-1.0536		-1.2981
0.9300		0.7576		-1.0883		-1.0596		-1.2975
0.9400		0.7637		-1.0913		-1.0656		-1.2970
0.9500		0.7693		-1.0945		-1.0716		-1.2965
0.9600		0.7745		-1.0976		-1.0776		-1.2961
0.9700		0.7792		-1.1008		-1.0836		-1.2957
0.9800		0.7833		-1.1041		-1.0896		-1.2953
0.9900		0.7868		-1.1074		-1.0957		-1.2950
